108 14
-1.0 -1.0 -1.0 -1.0 -1.0 -1.0 -1.0 -1.0 -1.0 -1.0 -1.0 -1.0 -1.0 -1.0
-1.0 -1.0 -1.0 -1.0 -1.0 1.0 1.0 1.0 -0.0 -0.0 -0.0 -0.0 -0.0 -0.0
-1.0 -1.0 -1.0 -1.0 -1.0 -1.0 -1.0 -1.0 1.0 1.0 1.0 1.0 1.0 1.0
-1.0 -1.0 -1.0 -1.0 -1.0 1.0 1.0 1.0 -0.0 -0.0 -0.0 -0.0 -0.0 -0.0
-3.0 1.5 1.5 -0.0 -0.0 1.0 -0.5 -0.5 -1.0 0.5 0.5 -1.0 0.5 0.5
-3.0 1.5 1.5 -0.0 -0.0 -1.0 0.5 0.5 -0.0 0.866025 -0.866025 -0.0 -0.866025 0.866025
-3.0 1.5 1.5 -0.0 -0.0 1.0 -0.5 -0.5 1.0 -0.5 -0.5 1.0 -0.5 -0.5
-3.0 1.5 1.5 -0.0 -0.0 -1.0 0.5 0.5 -0.0 -0.866025 0.866025 -0.0 0.866025 -0.866025
-3.0 1.5 1.5 -0.0 -0.0 1.0 -0.5 -0.5 -1.0 0.5 0.5 -1.0 0.5 0.5
-3.0 1.5 1.5 -0.0 -0.0 -1.0 0.5 0.5 -0.0 0.866025 -0.866025 -0.0 -0.866025 0.866025
-3.0 1.5 1.5 -0.0 -0.0 1.0 -0.5 -0.5 1.0 -0.5 -0.5 1.0 -0.5 -0.5
-3.0 1.5 1.5 -0.0 -0.0 -1.0 0.5 0.5 -0.0 -0.866025 0.866025 -0.0 0.866025 -0.866025
-4.0 -4.0 -4.0 -1.0 2.0 -0.0 -0.0 -0.0 -0.0 -0.0 -0.0 -0.0 -0.0 -0.0
-4.0 -4.0 -4.0 2.0 -1.0 -0.0 -0.0 -0.0 -0.0 -0.0 -0.0 -0.0 -0.0 -0.0
-0.0 -0.0 -0.0 -0.0 -0.0 -0.0 -0.0 -0.0 -0.0 -0.0 -0.0 -0.0 -0.0 -0.0
-0.0 -0.0 -0.0 -0.0 -0.0 -0.0 -0.0 -0.0 -1.0 -1.0 -1.0 1.0 1.0 1.0
-0.0 -0.0 -0.0 -0.0 -0.0 -0.0 -0.0 -0.0 -0.0 -0.0 -0.0 -0.0 -0.0 -0.0
-0.0 -0.0 -0.0 -0.0 -0.0 -0.0 -0.0 -0.0 1.0 1.0 1.0 -1.0 -1.0 -1.0
-0.0 -2.59808 2.59808 -0.0 -0.0 -0.0 0.866025 -0.866025 -0.0 -0.866025 0.866025 -0.0 -0.866025 0.866025
-0.0 -2.59808 2.59808 -0.0 -0.0 -0.0 -0.866025 0.866025 -1.0 0.5 0.5 1.0 -0.5 -0.5
-0.0 -2.59808 2.59808 -0.0 -0.0 -0.0 0.866025 -0.866025 -0.0 0.866025 -0.866025 -0.0 0.866025 -0.866025
-0.0 -2.59808 2.59808 -0.0 -0.0 -0.0 -0.866025 0.866025 1.0 -0.5 -0.5 -1.0 0.5 0.5
-0.0 2.59808 -2.59808 -0.0 -0.0 -0.0 -0.866025 0.866025 -0.0 0.866025 -0.866025 -0.0 0.866025 -0.866025
-0.0 2.59808 -2.59808 -0.0 -0.0 -0.0 0.866025 -0.866025 1.0 -0.5 -0.5 -1.0 0.5 0.5
-0.0 2.59808 -2.59808 -0.0 -0.0 -0.0 -0.866025 0.866025 -0.0 -0.866025 0.866025 -0.0 -0.866025 0.866025
-0.0 2.59808 -2.59808 -0.0 -0.0 -0.0 0.866025 -0.866025 -1.0 0.5 0.5 1.0 -0.5 -0.5
-0.0 -0.0 -0.0 -0.0 -0.0 -0.0 -0.0 -0.0 -0.0 -0.0 -0.0 -0.0 -0.0 -0.0
-0.0 -0.0 -0.0 -0.0 -0.0 -0.0 -0.0 -0.0 -0.0 -0.0 -0.0 -0.0 -0.0 -0.0
0 1 2 3 4 5 6 7 8 9 10 11 12 13 14 15 16 17 18 19 20 21 22 23 24 25 26 27 28 29 30 31 32 33 34 35 36 37 38 39 40 41 42 43 44 45 46 47 48 49 50 51 52 53 54 55 56 57 58 59 60 61 62 63 64 65 66 67 68 69 70 71 72 73 74 75 76 77 78 79 80 81 82 83 84 85 86 87 88 89 90 91 92 93 94 95 96 97 98 99 100 101 102 103 104 105 106 107 
1 2 0 4 5 3 7 8 6 10 11 9 13 14 12 16 17 15 19 20 18 22 23 21 25 26 24 28 29 27 31 32 30 34 35 33 37 38 36 40 41 39 43 44 42 46 47 45 49 50 48 52 53 51 55 56 54 58 59 57 61 62 60 64 65 63 67 68 66 70 71 69 73 74 72 76 77 75 79 80 78 82 83 81 85 86 84 88 89 87 91 92 90 94 95 93 97 98 96 100 101 99 103 104 102 106 107 105 
2 0 1 5 3 4 8 6 7 11 9 10 14 12 13 17 15 16 20 18 19 23 21 22 26 24 25 29 27 28 32 30 31 35 33 34 38 36 37 41 39 40 44 42 43 47 45 46 50 48 49 53 51 52 56 54 55 59 57 58 62 60 61 65 63 64 68 66 67 71 69 70 74 72 73 77 75 76 80 78 79 83 81 82 86 84 85 89 87 88 92 90 91 95 93 94 98 96 97 101 99 100 104 102 103 107 105 106 
3 4 5 6 7 8 0 1 2 12 13 14 15 16 17 9 10 11 21 22 23 24 25 26 18 19 20 30 31 32 33 34 35 27 28 29 39 40 41 42 43 44 36 37 38 48 49 50 51 52 53 45 46 47 57 58 59 60 61 62 54 55 56 66 67 68 69 70 71 63 64 65 75 76 77 78 79 80 72 73 74 84 85 86 87 88 89 81 82 83 93 94 95 96 97 98 90 91 92 102 103 104 105 106 107 99 100 101 
4 5 3 7 8 6 1 2 0 13 14 12 16 17 15 10 11 9 22 23 21 25 26 24 19 20 18 31 32 30 34 35 33 28 29 27 40 41 39 43 44 42 37 38 36 49 50 48 52 53 51 46 47 45 58 59 57 61 62 60 55 56 54 67 68 66 70 71 69 64 65 63 76 77 75 79 80 78 73 74 72 85 86 84 88 89 87 82 83 81 94 95 93 97 98 96 91 92 90 103 104 102 106 107 105 100 101 99 
5 3 4 8 6 7 2 0 1 14 12 13 17 15 16 11 9 10 23 21 22 26 24 25 20 18 19 32 30 31 35 33 34 29 27 28 41 39 40 44 42 43 38 36 37 50 48 49 53 51 52 47 45 46 59 57 58 62 60 61 56 54 55 68 66 67 71 69 70 65 63 64 77 75 76 80 78 79 74 72 73 86 84 85 89 87 88 83 81 82 95 93 94 98 96 97 92 90 91 104 102 103 107 105 106 101 99 100 
6 7 8 0 1 2 3 4 5 15 16 17 9 10 11 12 13 14 24 25 26 18 19 20 21 22 23 33 34 35 27 28 29 30 31 32 42 43 44 36 37 38 39 40 41 51 52 53 45 46 47 48 49 50 60 61 62 54 55 56 57 58 59 69 70 71 63 64 65 66 67 68 78 79 80 72 73 74 75 76 77 87 88 89 81 82 83 84 85 86 96 97 98 90 91 92 93 94 95 105 106 107 99 100 101 102 103 104 
7 8 6 1 2 0 4 5 3 16 17 15 10 11 9 13 14 12 25 26 24 19 20 18 22 23 21 34 35 33 28 29 27 31 32 30 43 44 42 37 38 36 40 41 39 52 53 51 46 47 45 49 50 48 61 62 60 55 56 54 58 59 57 70 71 69 64 65 63 67 68 66 79 80 78 73 74 72 76 77 75 88 89 87 82 83 81 85 86 84 97 98 96 91 92 90 94 95 93 106 107 105 100 101 99 103 104 102 
8 6 7 2 0 1 5 3 4 17 15 16 11 9 10 14 12 13 26 24 25 20 18 19 23 21 22 35 33 34 29 27 28 32 30 31 44 42 43 38 36 37 41 39 40 53 51 52 47 45 46 50 48 49 62 60 61 56 54 55 59 57 58 71 69 70 65 63 64 68 66 67 80 78 79 74 72 73 77 75 76 89 87 88 83 81 82 86 84 85 98 96 97 92 90 91 95 93 94 107 105 106 101 99 100 104 102 103 
9 10 11 13 14 12 17 15 16 18 19 20 22 23 21 26 24 25 0 1 2 4 5 3 8 6 7 36 37 38 40 41 39 44 42 43 45 46 47 49 50 48 53 51 52 27 28 29 31 32 30 35 33 34 63 64 65 67 68 66 71 69 70 72 73 74 76 77 75 80 78 79 54 55 56 58 59 57 62 60 61 90 91 92 94 95 93 98 96 97 99 100 101 103 104 102 107 105 106 81 82 83 85 86 84 89 87 88 
10 11 9 14 12 13 15 16 17 19 20 18 23 21 22 24 25 26 1 2 0 5 3 4 6 7 8 37 38 36 41 39 40 42 43 44 46 47 45 50 48 49 51 52 53 28 29 27 32 30 31 33 34 35 64 65 63 68 66 67 69 70 71 73 74 72 77 75 76 78 79 80 55 56 54 59 57 58 60 61 62 91 92 90 95 93 94 96 97 98 100 101 99 104 102 103 105 106 107 82 83 81 86 84 85 87 88 89 
11 9 10 12 13 14 16 17 15 20 18 19 21 22 23 25 26 24 2 0 1 3 4 5 7 8 6 38 36 37 39 40 41 43 44 42 47 45 46 48 49 50 52 53 51 29 27 28 30 31 32 34 35 33 65 63 64 66 67 68 70 71 69 74 72 73 75 76 77 79 80 78 56 54 55 57 58 59 61 62 60 92 90 91 93 94 95 97 98 96 101 99 100 102 103 104 106 107 105 83 81 82 84 85 86 88 89 87 
12 13 14 16 17 15 11 9 10 21 22 23 25 26 24 20 18 19 3 4 5 7 8 6 2 0 1 39 40 41 43 44 42 38 36 37 48 49 50 52 53 51 47 45 46 30 31 32 34 35 33 29 27 28 66 67 68 70 71 69 65 63 64 75 76 77 79 80 78 74 72 73 57 58 59 61 62 60 56 54 55 93 94 95 97 98 96 92 90 91 102 103 104 106 107 105 101 99 100 84 85 86 88 89 87 83 81 82 
13 14 12 17 15 16 9 10 11 22 23 21 26 24 25 18 19 20 4 5 3 8 6 7 0 1 2 40 41 39 44 42 43 36 37 38 49 50 48 53 51 52 45 46 47 31 32 30 35 33 34 27 28 29 67 68 66 71 69 70 63 64 65 76 77 75 80 78 79 72 73 74 58 59 57 62 60 61 54 55 56 94 95 93 98 96 97 90 91 92 103 104 102 107 105 106 99 100 101 85 86 84 89 87 88 81 82 83 
14 12 13 15 16 17 10 11 9 23 21 22 24 25 26 19 20 18 5 3 4 6 7 8 1 2 0 41 39 40 42 43 44 37 38 36 50 48 49 51 52 53 46 47 45 32 30 31 33 34 35 28 29 27 68 66 67 69 70 71 64 65 63 77 75 76 78 79 80 73 74 72 59 57 58 60 61 62 55 56 54 95 93 94 96 97 98 91 92 90 104 102 103 105 106 107 100 101 99 86 84 85 87 88 89 82 83 81 
15 16 17 10 11 9 14 12 13 24 25 26 19 20 18 23 21 22 6 7 8 1 2 0 5 3 4 42 43 44 37 38 36 41 39 40 51 52 53 46 47 45 50 48 49 33 34 35 28 29 27 32 30 31 69 70 71 64 65 63 68 66 67 78 79 80 73 74 72 77 75 76 60 61 62 55 56 54 59 57 58 96 97 98 91 92 90 95 93 94 105 106 107 100 101 99 104 102 103 87 88 89 82 83 81 86 84 85 
16 17 15 11 9 10 12 13 14 25 26 24 20 18 19 21 22 23 7 8 6 2 0 1 3 4 5 43 44 42 38 36 37 39 40 41 52 53 51 47 45 46 48 49 50 34 35 33 29 27 28 30 31 32 70 71 69 65 63 64 66 67 68 79 80 78 74 72 73 75 76 77 61 62 60 56 54 55 57 58 59 97 98 96 92 90 91 93 94 95 106 107 105 101 99 100 102 103 104 88 89 87 83 81 82 84 85 86 
17 15 16 9 10 11 13 14 12 26 24 25 18 19 20 22 23 21 8 6 7 0 1 2 4 5 3 44 42 43 36 37 38 40 41 39 53 51 52 45 46 47 49 50 48 35 33 34 27 28 29 31 32 30 71 69 70 63 64 65 67 68 66 80 78 79 72 73 74 76 77 75 62 60 61 54 55 56 58 59 57 98 96 97 90 91 92 94 95 93 107 105 106 99 100 101 103 104 102 89 87 88 81 82 83 85 86 84 
18 19 20 23 21 22 25 26 24 0 1 2 5 3 4 7 8 6 9 10 11 14 12 13 16 17 15 45 46 47 50 48 49 52 53 51 27 28 29 32 30 31 34 35 33 36 37 38 41 39 40 43 44 42 72 73 74 77 75 76 79 80 78 54 55 56 59 57 58 61 62 60 63 64 65 68 66 67 70 71 69 99 100 101 104 102 103 106 107 105 81 82 83 86 84 85 88 89 87 90 91 92 95 93 94 97 98 96 
19 20 18 21 22 23 26 24 25 1 2 0 3 4 5 8 6 7 10 11 9 12 13 14 17 15 16 46 47 45 48 49 50 53 51 52 28 29 27 30 31 32 35 33 34 37 38 36 39 40 41 44 42 43 73 74 72 75 76 77 80 78 79 55 56 54 57 58 59 62 60 61 64 65 63 66 67 68 71 69 70 100 101 99 102 103 104 107 105 106 82 83 81 84 85 86 89 87 88 91 92 90 93 94 95 98 96 97 
20 18 19 22 23 21 24 25 26 2 0 1 4 5 3 6 7 8 11 9 10 13 14 12 15 16 17 47 45 46 49 50 48 51 52 53 29 27 28 31 32 30 33 34 35 38 36 37 40 41 39 42 43 44 74 72 73 76 77 75 78 79 80 56 54 55 58 59 57 60 61 62 65 63 64 67 68 66 69 70 71 101 99 100 103 104 102 105 106 107 83 81 82 85 86 84 87 88 89 92 90 91 94 95 93 96 97 98 
21 22 23 26 24 25 19 20 18 3 4 5 8 6 7 1 2 0 12 13 14 17 15 16 10 11 9 48 49 50 53 51 52 46 47 45 30 31 32 35 33 34 28 29 27 39 40 41 44 42 43 37 38 36 75 76 77 80 78 79 73 74 72 57 58 59 62 60 61 55 56 54 66 67 68 71 69 70 64 65 63 102 103 104 107 105 106 100 101 99 84 85 86 89 87 88 82 83 81 93 94 95 98 96 97 91 92 90 
22 23 21 24 25 26 20 18 19 4 5 3 6 7 8 2 0 1 13 14 12 15 16 17 11 9 10 49 50 48 51 52 53 47 45 46 31 32 30 33 34 35 29 27 28 40 41 39 42 43 44 38 36 37 76 77 75 78 79 80 74 72 73 58 59 57 60 61 62 56 54 55 67 68 66 69 70 71 65 63 64 103 104 102 105 106 107 101 99 100 85 86 84 87 88 89 83 81 82 94 95 93 96 97 98 92 90 91 
23 21 22 25 26 24 18 19 20 5 3 4 7 8 6 0 1 2 14 12 13 16 17 15 9 10 11 50 48 49 52 53 51 45 46 47 32 30 31 34 35 33 27 28 29 41 39 40 43 44 42 36 37 38 77 75 76 79 80 78 72 73 74 59 57 58 61 62 60 54 55 56 68 66 67 70 71 69 63 64 65 104 102 103 106 107 105 99 100 101 86 84 85 88 89 87 81 82 83 95 93 94 97 98 96 90 91 92 
24 25 26 20 18 19 22 23 21 6 7 8 2 0 1 4 5 3 15 16 17 11 9 10 13 14 12 51 52 53 47 45 46 49 50 48 33 34 35 29 27 28 31 32 30 42 43 44 38 36 37 40 41 39 78 79 80 74 72 73 76 77 75 60 61 62 56 54 55 58 59 57 69 70 71 65 63 64 67 68 66 105 106 107 101 99 100 103 104 102 87 88 89 83 81 82 85 86 84 96 97 98 92 90 91 94 95 93 
25 26 24 18 19 20 23 21 22 7 8 6 0 1 2 5 3 4 16 17 15 9 10 11 14 12 13 52 53 51 45 46 47 50 48 49 34 35 33 27 28 29 32 30 31 43 44 42 36 37 38 41 39 40 79 80 78 72 73 74 77 75 76 61 62 60 54 55 56 59 57 58 70 71 69 63 64 65 68 66 67 106 107 105 99 100 101 104 102 103 88 89 87 81 82 83 86 84 85 97 98 96 90 91 92 95 93 94 
26 24 25 19 20 18 21 22 23 8 6 7 1 2 0 3 4 5 17 15 16 10 11 9 12 13 14 53 51 52 46 47 45 48 49 50 35 33 34 28 29 27 30 31 32 44 42 43 37 38 36 39 40 41 80 78 79 73 74 72 75 76 77 62 60 61 55 56 54 57 58 59 71 69 70 64 65 63 66 67 68 107 105 106 100 101 99 102 103 104 89 87 88 82 83 81 84 85 86 98 96 97 91 92 90 93 94 95 
27 28 29 36 37 38 45 46 47 33 34 35 44 42 43 52 53 51 30 31 32 40 41 39 50 48 49 54 55 56 63 64 65 72 73 74 60 61 62 71 69 70 79 80 78 57 58 59 67 68 66 77 75 76 81 82 83 90 91 92 99 100 101 87 88 89 98 96 97 106 107 105 84 85 86 94 95 93 104 102 103 0 1 2 9 10 11 18 19 20 6 7 8 17 15 16 25 26 24 3 4 5 13 14 12 23 21 22 
28 29 27 37 38 36 46 47 45 34 35 33 42 43 44 53 51 52 31 32 30 41 39 40 48 49 50 55 56 54 64 65 63 73 74 72 61 62 60 69 70 71 80 78 79 58 59 57 68 66 67 75 76 77 82 83 81 91 92 90 100 101 99 88 89 87 96 97 98 107 105 106 85 86 84 95 93 94 102 103 104 1 2 0 10 11 9 19 20 18 7 8 6 15 16 17 26 24 25 4 5 3 14 12 13 21 22 23 
29 27 28 38 36 37 47 45 46 35 33 34 43 44 42 51 52 53 32 30 31 39 40 41 49 50 48 56 54 55 65 63 64 74 72 73 62 60 61 70 71 69 78 79 80 59 57 58 66 67 68 76 77 75 83 81 82 92 90 91 101 99 100 89 87 88 97 98 96 105 106 107 86 84 85 93 94 95 103 104 102 2 0 1 11 9 10 20 18 19 8 6 7 16 17 15 24 25 26 5 3 4 12 13 14 22 23 21 
30 31 32 39 40 41 48 49 50 27 28 29 38 36 37 46 47 45 33 34 35 43 44 42 53 51 52 57 58 59 66 67 68 75 76 77 54 55 56 65 63 64 73 74 72 60 61 62 70 71 69 80 78 79 84 85 86 93 94 95 102 103 104 81 82 83 92 90 91 100 101 99 87 88 89 97 98 96 107 105 106 3 4 5 12 13 14 21 22 23 0 1 2 11 9 10 19 20 18 6 7 8 16 17 15 26 24 25 
31 32 30 40 41 39 49 50 48 28 29 27 36 37 38 47 45 46 34 35 33 44 42 43 51 52 53 58 59 57 67 68 66 76 77 75 55 56 54 63 64 65 74 72 73 61 62 60 71 69 70 78 79 80 85 86 84 94 95 93 103 104 102 82 83 81 90 91 92 101 99 100 88 89 87 98 96 97 105 106 107 4 5 3 13 14 12 22 23 21 1 2 0 9 10 11 20 18 19 7 8 6 17 15 16 24 25 26 
32 30 31 41 39 40 50 48 49 29 27 28 37 38 36 45 46 47 35 33 34 42 43 44 52 53 51 59 57 58 68 66 67 77 75 76 56 54 55 64 65 63 72 73 74 62 60 61 69 70 71 79 80 78 86 84 85 95 93 94 104 102 103 83 81 82 91 92 90 99 100 101 89 87 88 96 97 98 106 107 105 5 3 4 14 12 13 23 21 22 2 0 1 10 11 9 18 19 20 8 6 7 15 16 17 25 26 24 
33 34 35 42 43 44 51 52 53 30 31 32 41 39 40 49 50 48 27 28 29 37 38 36 47 45 46 60 61 62 69 70 71 78 79 80 57 58 59 68 66 67 76 77 75 54 55 56 64 65 63 74 72 73 87 88 89 96 97 98 105 106 107 84 85 86 95 93 94 103 104 102 81 82 83 91 92 90 101 99 100 6 7 8 15 16 17 24 25 26 3 4 5 14 12 13 22 23 21 0 1 2 10 11 9 20 18 19 
34 35 33 43 44 42 52 53 51 31 32 30 39 40 41 50 48 49 28 29 27 38 36 37 45 46 47 61 62 60 70 71 69 79 80 78 58 59 57 66 67 68 77 75 76 55 56 54 65 63 64 72 73 74 88 89 87 97 98 96 106 107 105 85 86 84 93 94 95 104 102 103 82 83 81 92 90 91 99 100 101 7 8 6 16 17 15 25 26 24 4 5 3 12 13 14 23 21 22 1 2 0 11 9 10 18 19 20 
35 33 34 44 42 43 53 51 52 32 30 31 40 41 39 48 49 50 29 27 28 36 37 38 46 47 45 62 60 61 71 69 70 80 78 79 59 57 58 67 68 66 75 76 77 56 54 55 63 64 65 73 74 72 89 87 88 98 96 97 107 105 106 86 84 85 94 95 93 102 103 104 83 81 82 90 91 92 100 101 99 8 6 7 17 15 16 26 24 25 5 3 4 13 14 12 21 22 23 2 0 1 9 10 11 19 20 18 
36 37 38 45 46 47 27 28 29 44 42 43 52 53 51 33 34 35 40 41 39 50 48 49 30 31 32 63 64 65 72 73 74 54 55 56 71 69 70 79 80 78 60 61 62 67 68 66 77 75 76 57 58 59 90 91 92 99 100 101 81 82 83 98 96 97 106 107 105 87 88 89 94 95 93 104 102 103 84 85 86 9 10 11 18 19 20 0 1 2 17 15 16 25 26 24 6 7 8 13 14 12 23 21 22 3 4 5 
37 38 36 46 47 45 28 29 27 42 43 44 53 51 52 34 35 33 41 39 40 48 49 50 31 32 30 64 65 63 73 74 72 55 56 54 69 70 71 80 78 79 61 62 60 68 66 67 75 76 77 58 59 57 91 92 90 100 101 99 82 83 81 96 97 98 107 105 106 88 89 87 95 93 94 102 103 104 85 86 84 10 11 9 19 20 18 1 2 0 15 16 17 26 24 25 7 8 6 14 12 13 21 22 23 4 5 3 
38 36 37 47 45 46 29 27 28 43 44 42 51 52 53 35 33 34 39 40 41 49 50 48 32 30 31 65 63 64 74 72 73 56 54 55 70 71 69 78 79 80 62 60 61 66 67 68 76 77 75 59 57 58 92 90 91 101 99 100 83 81 82 97 98 96 105 106 107 89 87 88 93 94 95 103 104 102 86 84 85 11 9 10 20 18 19 2 0 1 16 17 15 24 25 26 8 6 7 12 13 14 22 23 21 5 3 4 
39 40 41 48 49 50 30 31 32 38 36 37 46 47 45 27 28 29 43 44 42 53 51 52 33 34 35 66 67 68 75 76 77 57 58 59 65 63 64 73 74 72 54 55 56 70 71 69 80 78 79 60 61 62 93 94 95 102 103 104 84 85 86 92 90 91 100 101 99 81 82 83 97 98 96 107 105 106 87 88 89 12 13 14 21 22 23 3 4 5 11 9 10 19 20 18 0 1 2 16 17 15 26 24 25 6 7 8 
40 41 39 49 50 48 31 32 30 36 37 38 47 45 46 28 29 27 44 42 43 51 52 53 34 35 33 67 68 66 76 77 75 58 59 57 63 64 65 74 72 73 55 56 54 71 69 70 78 79 80 61 62 60 94 95 93 103 104 102 85 86 84 90 91 92 101 99 100 82 83 81 98 96 97 105 106 107 88 89 87 13 14 12 22 23 21 4 5 3 9 10 11 20 18 19 1 2 0 17 15 16 24 25 26 7 8 6 
41 39 40 50 48 49 32 30 31 37 38 36 45 46 47 29 27 28 42 43 44 52 53 51 35 33 34 68 66 67 77 75 76 59 57 58 64 65 63 72 73 74 56 54 55 69 70 71 79 80 78 62 60 61 95 93 94 104 102 103 86 84 85 91 92 90 99 100 101 83 81 82 96 97 98 106 107 105 89 87 88 14 12 13 23 21 22 5 3 4 10 11 9 18 19 20 2 0 1 15 16 17 25 26 24 8 6 7 
42 43 44 51 52 53 33 34 35 41 39 40 49 50 48 30 31 32 37 38 36 47 45 46 27 28 29 69 70 71 78 79 80 60 61 62 68 66 67 76 77 75 57 58 59 64 65 63 74 72 73 54 55 56 96 97 98 105 106 107 87 88 89 95 93 94 103 104 102 84 85 86 91 92 90 101 99 100 81 82 83 15 16 17 24 25 26 6 7 8 14 12 13 22 23 21 3 4 5 10 11 9 20 18 19 0 1 2 
43 44 42 52 53 51 34 35 33 39 40 41 50 48 49 31 32 30 38 36 37 45 46 47 28 29 27 70 71 69 79 80 78 61 62 60 66 67 68 77 75 76 58 59 57 65 63 64 72 73 74 55 56 54 97 98 96 106 107 105 88 89 87 93 94 95 104 102 103 85 86 84 92 90 91 99 100 101 82 83 81 16 17 15 25 26 24 7 8 6 12 13 14 23 21 22 4 5 3 11 9 10 18 19 20 1 2 0 
44 42 43 53 51 52 35 33 34 40 41 39 48 49 50 32 30 31 36 37 38 46 47 45 29 27 28 71 69 70 80 78 79 62 60 61 67 68 66 75 76 77 59 57 58 63 64 65 73 74 72 56 54 55 98 96 97 107 105 106 89 87 88 94 95 93 102 103 104 86 84 85 90 91 92 100 101 99 83 81 82 17 15 16 26 24 25 8 6 7 13 14 12 21 22 23 5 3 4 9 10 11 19 20 18 2 0 1 
45 46 47 27 28 29 36 37 38 52 53 51 33 34 35 44 42 43 50 48 49 30 31 32 40 41 39 72 73 74 54 55 56 63 64 65 79 80 78 60 61 62 71 69 70 77 75 76 57 58 59 67 68 66 99 100 101 81 82 83 90 91 92 106 107 105 87 88 89 98 96 97 104 102 103 84 85 86 94 95 93 18 19 20 0 1 2 9 10 11 25 26 24 6 7 8 17 15 16 23 21 22 3 4 5 13 14 12 
46 47 45 28 29 27 37 38 36 53 51 52 34 35 33 42 43 44 48 49 50 31 32 30 41 39 40 73 74 72 55 56 54 64 65 63 80 78 79 61 62 60 69 70 71 75 76 77 58 59 57 68 66 67 100 101 99 82 83 81 91 92 90 107 105 106 88 89 87 96 97 98 102 103 104 85 86 84 95 93 94 19 20 18 1 2 0 10 11 9 26 24 25 7 8 6 15 16 17 21 22 23 4 5 3 14 12 13 
47 45 46 29 27 28 38 36 37 51 52 53 35 33 34 43 44 42 49 50 48 32 30 31 39 40 41 74 72 73 56 54 55 65 63 64 78 79 80 62 60 61 70 71 69 76 77 75 59 57 58 66 67 68 101 99 100 83 81 82 92 90 91 105 106 107 89 87 88 97 98 96 103 104 102 86 84 85 93 94 95 20 18 19 2 0 1 11 9 10 24 25 26 8 6 7 16 17 15 22 23 21 5 3 4 12 13 14 
48 49 50 30 31 32 39 40 41 46 47 45 27 28 29 38 36 37 53 51 52 33 34 35 43 44 42 75 76 77 57 58 59 66 67 68 73 74 72 54 55 56 65 63 64 80 78 79 60 61 62 70 71 69 102 103 104 84 85 86 93 94 95 100 101 99 81 82 83 92 90 91 107 105 106 87 88 89 97 98 96 21 22 23 3 4 5 12 13 14 19 20 18 0 1 2 11 9 10 26 24 25 6 7 8 16 17 15 
49 50 48 31 32 30 40 41 39 47 45 46 28 29 27 36 37 38 51 52 53 34 35 33 44 42 43 76 77 75 58 59 57 67 68 66 74 72 73 55 56 54 63 64 65 78 79 80 61 62 60 71 69 70 103 104 102 85 86 84 94 95 93 101 99 100 82 83 81 90 91 92 105 106 107 88 89 87 98 96 97 22 23 21 4 5 3 13 14 12 20 18 19 1 2 0 9 10 11 24 25 26 7 8 6 17 15 16 
50 48 49 32 30 31 41 39 40 45 46 47 29 27 28 37 38 36 52 53 51 35 33 34 42 43 44 77 75 76 59 57 58 68 66 67 72 73 74 56 54 55 64 65 63 79 80 78 62 60 61 69 70 71 104 102 103 86 84 85 95 93 94 99 100 101 83 81 82 91 92 90 106 107 105 89 87 88 96 97 98 23 21 22 5 3 4 14 12 13 18 19 20 2 0 1 10 11 9 25 26 24 8 6 7 15 16 17 
51 52 53 33 34 35 42 43 44 49 50 48 30 31 32 41 39 40 47 45 46 27 28 29 37 38 36 78 79 80 60 61 62 69 70 71 76 77 75 57 58 59 68 66 67 74 72 73 54 55 56 64 65 63 105 106 107 87 88 89 96 97 98 103 104 102 84 85 86 95 93 94 101 99 100 81 82 83 91 92 90 24 25 26 6 7 8 15 16 17 22 23 21 3 4 5 14 12 13 20 18 19 0 1 2 10 11 9 
52 53 51 34 35 33 43 44 42 50 48 49 31 32 30 39 40 41 45 46 47 28 29 27 38 36 37 79 80 78 61 62 60 70 71 69 77 75 76 58 59 57 66 67 68 72 73 74 55 56 54 65 63 64 106 107 105 88 89 87 97 98 96 104 102 103 85 86 84 93 94 95 99 100 101 82 83 81 92 90 91 25 26 24 7 8 6 16 17 15 23 21 22 4 5 3 12 13 14 18 19 20 1 2 0 11 9 10 
53 51 52 35 33 34 44 42 43 48 49 50 32 30 31 40 41 39 46 47 45 29 27 28 36 37 38 80 78 79 62 60 61 71 69 70 75 76 77 59 57 58 67 68 66 73 74 72 56 54 55 63 64 65 107 105 106 89 87 88 98 96 97 102 103 104 86 84 85 94 95 93 100 101 99 83 81 82 90 91 92 26 24 25 8 6 7 17 15 16 21 22 23 5 3 4 13 14 12 19 20 18 2 0 1 9 10 11 
54 55 56 60 61 62 57 58 59 72 73 74 78 79 80 75 76 77 63 64 65 69 70 71 66 67 68 81 82 83 87 88 89 84 85 86 99 100 101 105 106 107 102 103 104 90 91 92 96 97 98 93 94 95 0 1 2 6 7 8 3 4 5 18 19 20 24 25 26 21 22 23 9 10 11 15 16 17 12 13 14 27 28 29 33 34 35 30 31 32 45 46 47 51 52 53 48 49 50 36 37 38 42 43 44 39 40 41 
55 56 54 61 62 60 58 59 57 73 74 72 79 80 78 76 77 75 64 65 63 70 71 69 67 68 66 82 83 81 88 89 87 85 86 84 100 101 99 106 107 105 103 104 102 91 92 90 97 98 96 94 95 93 1 2 0 7 8 6 4 5 3 19 20 18 25 26 24 22 23 21 10 11 9 16 17 15 13 14 12 28 29 27 34 35 33 31 32 30 46 47 45 52 53 51 49 50 48 37 38 36 43 44 42 40 41 39 
56 54 55 62 60 61 59 57 58 74 72 73 80 78 79 77 75 76 65 63 64 71 69 70 68 66 67 83 81 82 89 87 88 86 84 85 101 99 100 107 105 106 104 102 103 92 90 91 98 96 97 95 93 94 2 0 1 8 6 7 5 3 4 20 18 19 26 24 25 23 21 22 11 9 10 17 15 16 14 12 13 29 27 28 35 33 34 32 30 31 47 45 46 53 51 52 50 48 49 38 36 37 44 42 43 41 39 40 
57 58 59 54 55 56 60 61 62 75 76 77 72 73 74 78 79 80 66 67 68 63 64 65 69 70 71 84 85 86 81 82 83 87 88 89 102 103 104 99 100 101 105 106 107 93 94 95 90 91 92 96 97 98 3 4 5 0 1 2 6 7 8 21 22 23 18 19 20 24 25 26 12 13 14 9 10 11 15 16 17 30 31 32 27 28 29 33 34 35 48 49 50 45 46 47 51 52 53 39 40 41 36 37 38 42 43 44 
58 59 57 55 56 54 61 62 60 76 77 75 73 74 72 79 80 78 67 68 66 64 65 63 70 71 69 85 86 84 82 83 81 88 89 87 103 104 102 100 101 99 106 107 105 94 95 93 91 92 90 97 98 96 4 5 3 1 2 0 7 8 6 22 23 21 19 20 18 25 26 24 13 14 12 10 11 9 16 17 15 31 32 30 28 29 27 34 35 33 49 50 48 46 47 45 52 53 51 40 41 39 37 38 36 43 44 42 
59 57 58 56 54 55 62 60 61 77 75 76 74 72 73 80 78 79 68 66 67 65 63 64 71 69 70 86 84 85 83 81 82 89 87 88 104 102 103 101 99 100 107 105 106 95 93 94 92 90 91 98 96 97 5 3 4 2 0 1 8 6 7 23 21 22 20 18 19 26 24 25 14 12 13 11 9 10 17 15 16 32 30 31 29 27 28 35 33 34 50 48 49 47 45 46 53 51 52 41 39 40 38 36 37 44 42 43 
60 61 62 57 58 59 54 55 56 78 79 80 75 76 77 72 73 74 69 70 71 66 67 68 63 64 65 87 88 89 84 85 86 81 82 83 105 106 107 102 103 104 99 100 101 96 97 98 93 94 95 90 91 92 6 7 8 3 4 5 0 1 2 24 25 26 21 22 23 18 19 20 15 16 17 12 13 14 9 10 11 33 34 35 30 31 32 27 28 29 51 52 53 48 49 50 45 46 47 42 43 44 39 40 41 36 37 38 
61 62 60 58 59 57 55 56 54 79 80 78 76 77 75 73 74 72 70 71 69 67 68 66 64 65 63 88 89 87 85 86 84 82 83 81 106 107 105 103 104 102 100 101 99 97 98 96 94 95 93 91 92 90 7 8 6 4 5 3 1 2 0 25 26 24 22 23 21 19 20 18 16 17 15 13 14 12 10 11 9 34 35 33 31 32 30 28 29 27 52 53 51 49 50 48 46 47 45 43 44 42 40 41 39 37 38 36 
62 60 61 59 57 58 56 54 55 80 78 79 77 75 76 74 72 73 71 69 70 68 66 67 65 63 64 89 87 88 86 84 85 83 81 82 107 105 106 104 102 103 101 99 100 98 96 97 95 93 94 92 90 91 8 6 7 5 3 4 2 0 1 26 24 25 23 21 22 20 18 19 17 15 16 14 12 13 11 9 10 35 33 34 32 30 31 29 27 28 53 51 52 50 48 49 47 45 46 44 42 43 41 39 40 38 36 37 
63 64 65 71 69 70 67 68 66 54 55 56 62 60 61 58 59 57 72 73 74 80 78 79 76 77 75 90 91 92 98 96 97 94 95 93 81 82 83 89 87 88 85 86 84 99 100 101 107 105 106 103 104 102 9 10 11 17 15 16 13 14 12 0 1 2 8 6 7 4 5 3 18 19 20 26 24 25 22 23 21 36 37 38 44 42 43 40 41 39 27 28 29 35 33 34 31 32 30 45 46 47 53 51 52 49 50 48 
64 65 63 69 70 71 68 66 67 55 56 54 60 61 62 59 57 58 73 74 72 78 79 80 77 75 76 91 92 90 96 97 98 95 93 94 82 83 81 87 88 89 86 84 85 100 101 99 105 106 107 104 102 103 10 11 9 15 16 17 14 12 13 1 2 0 6 7 8 5 3 4 19 20 18 24 25 26 23 21 22 37 38 36 42 43 44 41 39 40 28 29 27 33 34 35 32 30 31 46 47 45 51 52 53 50 48 49 
65 63 64 70 71 69 66 67 68 56 54 55 61 62 60 57 58 59 74 72 73 79 80 78 75 76 77 92 90 91 97 98 96 93 94 95 83 81 82 88 89 87 84 85 86 101 99 100 106 107 105 102 103 104 11 9 10 16 17 15 12 13 14 2 0 1 7 8 6 3 4 5 20 18 19 25 26 24 21 22 23 38 36 37 43 44 42 39 40 41 29 27 28 34 35 33 30 31 32 47 45 46 52 53 51 48 49 50 
66 67 68 65 63 64 70 71 69 57 58 59 56 54 55 61 62 60 75 76 77 74 72 73 79 80 78 93 94 95 92 90 91 97 98 96 84 85 86 83 81 82 88 89 87 102 103 104 101 99 100 106 107 105 12 13 14 11 9 10 16 17 15 3 4 5 2 0 1 7 8 6 21 22 23 20 18 19 25 26 24 39 40 41 38 36 37 43 44 42 30 31 32 29 27 28 34 35 33 48 49 50 47 45 46 52 53 51 
67 68 66 63 64 65 71 69 70 58 59 57 54 55 56 62 60 61 76 77 75 72 73 74 80 78 79 94 95 93 90 91 92 98 96 97 85 86 84 81 82 83 89 87 88 103 104 102 99 100 101 107 105 106 13 14 12 9 10 11 17 15 16 4 5 3 0 1 2 8 6 7 22 23 21 18 19 20 26 24 25 40 41 39 36 37 38 44 42 43 31 32 30 27 28 29 35 33 34 49 50 48 45 46 47 53 51 52 
68 66 67 64 65 63 69 70 71 59 57 58 55 56 54 60 61 62 77 75 76 73 74 72 78 79 80 95 93 94 91 92 90 96 97 98 86 84 85 82 83 81 87 88 89 104 102 103 100 101 99 105 106 107 14 12 13 10 11 9 15 16 17 5 3 4 1 2 0 6 7 8 23 21 22 19 20 18 24 25 26 41 39 40 37 38 36 42 43 44 32 30 31 28 29 27 33 34 35 50 48 49 46 47 45 51 52 53 
69 70 71 68 66 67 64 65 63 60 61 62 59 57 58 55 56 54 78 79 80 77 75 76 73 74 72 96 97 98 95 93 94 91 92 90 87 88 89 86 84 85 82 83 81 105 106 107 104 102 103 100 101 99 15 16 17 14 12 13 10 11 9 6 7 8 5 3 4 1 2 0 24 25 26 23 21 22 19 20 18 42 43 44 41 39 40 37 38 36 33 34 35 32 30 31 28 29 27 51 52 53 50 48 49 46 47 45 
70 71 69 66 67 68 65 63 64 61 62 60 57 58 59 56 54 55 79 80 78 75 76 77 74 72 73 97 98 96 93 94 95 92 90 91 88 89 87 84 85 86 83 81 82 106 107 105 102 103 104 101 99 100 16 17 15 12 13 14 11 9 10 7 8 6 3 4 5 2 0 1 25 26 24 21 22 23 20 18 19 43 44 42 39 40 41 38 36 37 34 35 33 30 31 32 29 27 28 52 53 51 48 49 50 47 45 46 
71 69 70 67 68 66 63 64 65 62 60 61 58 59 57 54 55 56 80 78 79 76 77 75 72 73 74 98 96 97 94 95 93 90 91 92 89 87 88 85 86 84 81 82 83 107 105 106 103 104 102 99 100 101 17 15 16 13 14 12 9 10 11 8 6 7 4 5 3 0 1 2 26 24 25 22 23 21 18 19 20 44 42 43 40 41 39 36 37 38 35 33 34 31 32 30 27 28 29 53 51 52 49 50 48 45 46 47 
72 73 74 79 80 78 77 75 76 63 64 65 70 71 69 68 66 67 54 55 56 61 62 60 59 57 58 99 100 101 106 107 105 104 102 103 90 91 92 97 98 96 95 93 94 81 82 83 88 89 87 86 84 85 18 19 20 25 26 24 23 21 22 9 10 11 16 17 15 14 12 13 0 1 2 7 8 6 5 3 4 45 46 47 52 53 51 50 48 49 36 37 38 43 44 42 41 39 40 27 28 29 34 35 33 32 30 31 
73 74 72 80 78 79 75 76 77 64 65 63 71 69 70 66 67 68 55 56 54 62 60 61 57 58 59 100 101 99 107 105 106 102 103 104 91 92 90 98 96 97 93 94 95 82 83 81 89 87 88 84 85 86 19 20 18 26 24 25 21 22 23 10 11 9 17 15 16 12 13 14 1 2 0 8 6 7 3 4 5 46 47 45 53 51 52 48 49 50 37 38 36 44 42 43 39 40 41 28 29 27 35 33 34 30 31 32 
74 72 73 78 79 80 76 77 75 65 63 64 69 70 71 67 68 66 56 54 55 60 61 62 58 59 57 101 99 100 105 106 107 103 104 102 92 90 91 96 97 98 94 95 93 83 81 82 87 88 89 85 86 84 20 18 19 24 25 26 22 23 21 11 9 10 15 16 17 13 14 12 2 0 1 6 7 8 4 5 3 47 45 46 51 52 53 49 50 48 38 36 37 42 43 44 40 41 39 29 27 28 33 34 35 31 32 30 
75 76 77 73 74 72 80 78 79 66 67 68 64 65 63 71 69 70 57 58 59 55 56 54 62 60 61 102 103 104 100 101 99 107 105 106 93 94 95 91 92 90 98 96 97 84 85 86 82 83 81 89 87 88 21 22 23 19 20 18 26 24 25 12 13 14 10 11 9 17 15 16 3 4 5 1 2 0 8 6 7 48 49 50 46 47 45 53 51 52 39 40 41 37 38 36 44 42 43 30 31 32 28 29 27 35 33 34 
76 77 75 74 72 73 78 79 80 67 68 66 65 63 64 69 70 71 58 59 57 56 54 55 60 61 62 103 104 102 101 99 100 105 106 107 94 95 93 92 90 91 96 97 98 85 86 84 83 81 82 87 88 89 22 23 21 20 18 19 24 25 26 13 14 12 11 9 10 15 16 17 4 5 3 2 0 1 6 7 8 49 50 48 47 45 46 51 52 53 40 41 39 38 36 37 42 43 44 31 32 30 29 27 28 33 34 35 
77 75 76 72 73 74 79 80 78 68 66 67 63 64 65 70 71 69 59 57 58 54 55 56 61 62 60 104 102 103 99 100 101 106 107 105 95 93 94 90 91 92 97 98 96 86 84 85 81 82 83 88 89 87 23 21 22 18 19 20 25 26 24 14 12 13 9 10 11 16 17 15 5 3 4 0 1 2 7 8 6 50 48 49 45 46 47 52 53 51 41 39 40 36 37 38 43 44 42 32 30 31 27 28 29 34 35 33 
78 79 80 76 77 75 74 72 73 69 70 71 67 68 66 65 63 64 60 61 62 58 59 57 56 54 55 105 106 107 103 104 102 101 99 100 96 97 98 94 95 93 92 90 91 87 88 89 85 86 84 83 81 82 24 25 26 22 23 21 20 18 19 15 16 17 13 14 12 11 9 10 6 7 8 4 5 3 2 0 1 51 52 53 49 50 48 47 45 46 42 43 44 40 41 39 38 36 37 33 34 35 31 32 30 29 27 28 
79 80 78 77 75 76 72 73 74 70 71 69 68 66 67 63 64 65 61 62 60 59 57 58 54 55 56 106 107 105 104 102 103 99 100 101 97 98 96 95 93 94 90 91 92 88 89 87 86 84 85 81 82 83 25 26 24 23 21 22 18 19 20 16 17 15 14 12 13 9 10 11 7 8 6 5 3 4 0 1 2 52 53 51 50 48 49 45 46 47 43 44 42 41 39 40 36 37 38 34 35 33 32 30 31 27 28 29 
80 78 79 75 76 77 73 74 72 71 69 70 66 67 68 64 65 63 62 60 61 57 58 59 55 56 54 107 105 106 102 103 104 100 101 99 98 96 97 93 94 95 91 92 90 89 87 88 84 85 86 82 83 81 26 24 25 21 22 23 19 20 18 17 15 16 12 13 14 10 11 9 8 6 7 3 4 5 1 2 0 53 51 52 48 49 50 46 47 45 44 42 43 39 40 41 37 38 36 35 33 34 30 31 32 28 29 27 
81 82 83 99 100 101 90 91 92 84 85 86 104 102 103 94 95 93 87 88 89 106 107 105 98 96 97 0 1 2 18 19 20 9 10 11 3 4 5 23 21 22 13 14 12 6 7 8 25 26 24 17 15 16 27 28 29 45 46 47 36 37 38 30 31 32 50 48 49 40 41 39 33 34 35 52 53 51 44 42 43 54 55 56 72 73 74 63 64 65 57 58 59 77 75 76 67 68 66 60 61 62 79 80 78 71 69 70 
82 83 81 100 101 99 91 92 90 85 86 84 102 103 104 95 93 94 88 89 87 107 105 106 96 97 98 1 2 0 19 20 18 10 11 9 4 5 3 21 22 23 14 12 13 7 8 6 26 24 25 15 16 17 28 29 27 46 47 45 37 38 36 31 32 30 48 49 50 41 39 40 34 35 33 53 51 52 42 43 44 55 56 54 73 74 72 64 65 63 58 59 57 75 76 77 68 66 67 61 62 60 80 78 79 69 70 71 
83 81 82 101 99 100 92 90 91 86 84 85 103 104 102 93 94 95 89 87 88 105 106 107 97 98 96 2 0 1 20 18 19 11 9 10 5 3 4 22 23 21 12 13 14 8 6 7 24 25 26 16 17 15 29 27 28 47 45 46 38 36 37 32 30 31 49 50 48 39 40 41 35 33 34 51 52 53 43 44 42 56 54 55 74 72 73 65 63 64 59 57 58 76 77 75 66 67 68 62 60 61 78 79 80 70 71 69 
84 85 86 102 103 104 93 94 95 87 88 89 107 105 106 97 98 96 81 82 83 100 101 99 92 90 91 3 4 5 21 22 23 12 13 14 6 7 8 26 24 25 16 17 15 0 1 2 19 20 18 11 9 10 30 31 32 48 49 50 39 40 41 33 34 35 53 51 52 43 44 42 27 28 29 46 47 45 38 36 37 57 58 59 75 76 77 66 67 68 60 61 62 80 78 79 70 71 69 54 55 56 73 74 72 65 63 64 
85 86 84 103 104 102 94 95 93 88 89 87 105 106 107 98 96 97 82 83 81 101 99 100 90 91 92 4 5 3 22 23 21 13 14 12 7 8 6 24 25 26 17 15 16 1 2 0 20 18 19 9 10 11 31 32 30 49 50 48 40 41 39 34 35 33 51 52 53 44 42 43 28 29 27 47 45 46 36 37 38 58 59 57 76 77 75 67 68 66 61 62 60 78 79 80 71 69 70 55 56 54 74 72 73 63 64 65 
86 84 85 104 102 103 95 93 94 89 87 88 106 107 105 96 97 98 83 81 82 99 100 101 91 92 90 5 3 4 23 21 22 14 12 13 8 6 7 25 26 24 15 16 17 2 0 1 18 19 20 10 11 9 32 30 31 50 48 49 41 39 40 35 33 34 52 53 51 42 43 44 29 27 28 45 46 47 37 38 36 59 57 58 77 75 76 68 66 67 62 60 61 79 80 78 69 70 71 56 54 55 72 73 74 64 65 63 
87 88 89 105 106 107 96 97 98 81 82 83 101 99 100 91 92 90 84 85 86 103 104 102 95 93 94 6 7 8 24 25 26 15 16 17 0 1 2 20 18 19 10 11 9 3 4 5 22 23 21 14 12 13 33 34 35 51 52 53 42 43 44 27 28 29 47 45 46 37 38 36 30 31 32 49 50 48 41 39 40 60 61 62 78 79 80 69 70 71 54 55 56 74 72 73 64 65 63 57 58 59 76 77 75 68 66 67 
88 89 87 106 107 105 97 98 96 82 83 81 99 100 101 92 90 91 85 86 84 104 102 103 93 94 95 7 8 6 25 26 24 16 17 15 1 2 0 18 19 20 11 9 10 4 5 3 23 21 22 12 13 14 34 35 33 52 53 51 43 44 42 28 29 27 45 46 47 38 36 37 31 32 30 50 48 49 39 40 41 61 62 60 79 80 78 70 71 69 55 56 54 72 73 74 65 63 64 58 59 57 77 75 76 66 67 68 
89 87 88 107 105 106 98 96 97 83 81 82 100 101 99 90 91 92 86 84 85 102 103 104 94 95 93 8 6 7 26 24 25 17 15 16 2 0 1 19 20 18 9 10 11 5 3 4 21 22 23 13 14 12 35 33 34 53 51 52 44 42 43 29 27 28 46 47 45 36 37 38 32 30 31 48 49 50 40 41 39 62 60 61 80 78 79 71 69 70 56 54 55 73 74 72 63 64 65 59 57 58 75 76 77 67 68 66 
90 91 92 81 82 83 99 100 101 94 95 93 84 85 86 104 102 103 98 96 97 87 88 89 106 107 105 9 10 11 0 1 2 18 19 20 13 14 12 3 4 5 23 21 22 17 15 16 6 7 8 25 26 24 36 37 38 27 28 29 45 46 47 40 41 39 30 31 32 50 48 49 44 42 43 33 34 35 52 53 51 63 64 65 54 55 56 72 73 74 67 68 66 57 58 59 77 75 76 71 69 70 60 61 62 79 80 78 
91 92 90 82 83 81 100 101 99 95 93 94 85 86 84 102 103 104 96 97 98 88 89 87 107 105 106 10 11 9 1 2 0 19 20 18 14 12 13 4 5 3 21 22 23 15 16 17 7 8 6 26 24 25 37 38 36 28 29 27 46 47 45 41 39 40 31 32 30 48 49 50 42 43 44 34 35 33 53 51 52 64 65 63 55 56 54 73 74 72 68 66 67 58 59 57 75 76 77 69 70 71 61 62 60 80 78 79 
92 90 91 83 81 82 101 99 100 93 94 95 86 84 85 103 104 102 97 98 96 89 87 88 105 106 107 11 9 10 2 0 1 20 18 19 12 13 14 5 3 4 22 23 21 16 17 15 8 6 7 24 25 26 38 36 37 29 27 28 47 45 46 39 40 41 32 30 31 49 50 48 43 44 42 35 33 34 51 52 53 65 63 64 56 54 55 74 72 73 66 67 68 59 57 58 76 77 75 70 71 69 62 60 61 78 79 80 
93 94 95 84 85 86 102 103 104 97 98 96 87 88 89 107 105 106 92 90 91 81 82 83 100 101 99 12 13 14 3 4 5 21 22 23 16 17 15 6 7 8 26 24 25 11 9 10 0 1 2 19 20 18 39 40 41 30 31 32 48 49 50 43 44 42 33 34 35 53 51 52 38 36 37 27 28 29 46 47 45 66 67 68 57 58 59 75 76 77 70 71 69 60 61 62 80 78 79 65 63 64 54 55 56 73 74 72 
94 95 93 85 86 84 103 104 102 98 96 97 88 89 87 105 106 107 90 91 92 82 83 81 101 99 100 13 14 12 4 5 3 22 23 21 17 15 16 7 8 6 24 25 26 9 10 11 1 2 0 20 18 19 40 41 39 31 32 30 49 50 48 44 42 43 34 35 33 51 52 53 36 37 38 28 29 27 47 45 46 67 68 66 58 59 57 76 77 75 71 69 70 61 62 60 78 79 80 63 64 65 55 56 54 74 72 73 
95 93 94 86 84 85 104 102 103 96 97 98 89 87 88 106 107 105 91 92 90 83 81 82 99 100 101 14 12 13 5 3 4 23 21 22 15 16 17 8 6 7 25 26 24 10 11 9 2 0 1 18 19 20 41 39 40 32 30 31 50 48 49 42 43 44 35 33 34 52 53 51 37 38 36 29 27 28 45 46 47 68 66 67 59 57 58 77 75 76 69 70 71 62 60 61 79 80 78 64 65 63 56 54 55 72 73 74 
96 97 98 87 88 89 105 106 107 91 92 90 81 82 83 101 99 100 95 93 94 84 85 86 103 104 102 15 16 17 6 7 8 24 25 26 10 11 9 0 1 2 20 18 19 14 12 13 3 4 5 22 23 21 42 43 44 33 34 35 51 52 53 37 38 36 27 28 29 47 45 46 41 39 40 30 31 32 49 50 48 69 70 71 60 61 62 78 79 80 64 65 63 54 55 56 74 72 73 68 66 67 57 58 59 76 77 75 
97 98 96 88 89 87 106 107 105 92 90 91 82 83 81 99 100 101 93 94 95 85 86 84 104 102 103 16 17 15 7 8 6 25 26 24 11 9 10 1 2 0 18 19 20 12 13 14 4 5 3 23 21 22 43 44 42 34 35 33 52 53 51 38 36 37 28 29 27 45 46 47 39 40 41 31 32 30 50 48 49 70 71 69 61 62 60 79 80 78 65 63 64 55 56 54 72 73 74 66 67 68 58 59 57 77 75 76 
98 96 97 89 87 88 107 105 106 90 91 92 83 81 82 100 101 99 94 95 93 86 84 85 102 103 104 17 15 16 8 6 7 26 24 25 9 10 11 2 0 1 19 20 18 13 14 12 5 3 4 21 22 23 44 42 43 35 33 34 53 51 52 36 37 38 29 27 28 46 47 45 40 41 39 32 30 31 48 49 50 71 69 70 62 60 61 80 78 79 63 64 65 56 54 55 73 74 72 67 68 66 59 57 58 75 76 77 
99 100 101 90 91 92 81 82 83 104 102 103 94 95 93 84 85 86 106 107 105 98 96 97 87 88 89 18 19 20 9 10 11 0 1 2 23 21 22 13 14 12 3 4 5 25 26 24 17 15 16 6 7 8 45 46 47 36 37 38 27 28 29 50 48 49 40 41 39 30 31 32 52 53 51 44 42 43 33 34 35 72 73 74 63 64 65 54 55 56 77 75 76 67 68 66 57 58 59 79 80 78 71 69 70 60 61 62 
100 101 99 91 92 90 82 83 81 102 103 104 95 93 94 85 86 84 107 105 106 96 97 98 88 89 87 19 20 18 10 11 9 1 2 0 21 22 23 14 12 13 4 5 3 26 24 25 15 16 17 7 8 6 46 47 45 37 38 36 28 29 27 48 49 50 41 39 40 31 32 30 53 51 52 42 43 44 34 35 33 73 74 72 64 65 63 55 56 54 75 76 77 68 66 67 58 59 57 80 78 79 69 70 71 61 62 60 
101 99 100 92 90 91 83 81 82 103 104 102 93 94 95 86 84 85 105 106 107 97 98 96 89 87 88 20 18 19 11 9 10 2 0 1 22 23 21 12 13 14 5 3 4 24 25 26 16 17 15 8 6 7 47 45 46 38 36 37 29 27 28 49 50 48 39 40 41 32 30 31 51 52 53 43 44 42 35 33 34 74 72 73 65 63 64 56 54 55 76 77 75 66 67 68 59 57 58 78 79 80 70 71 69 62 60 61 
102 103 104 93 94 95 84 85 86 107 105 106 97 98 96 87 88 89 100 101 99 92 90 91 81 82 83 21 22 23 12 13 14 3 4 5 26 24 25 16 17 15 6 7 8 19 20 18 11 9 10 0 1 2 48 49 50 39 40 41 30 31 32 53 51 52 43 44 42 33 34 35 46 47 45 38 36 37 27 28 29 75 76 77 66 67 68 57 58 59 80 78 79 70 71 69 60 61 62 73 74 72 65 63 64 54 55 56 
103 104 102 94 95 93 85 86 84 105 106 107 98 96 97 88 89 87 101 99 100 90 91 92 82 83 81 22 23 21 13 14 12 4 5 3 24 25 26 17 15 16 7 8 6 20 18 19 9 10 11 1 2 0 49 50 48 40 41 39 31 32 30 51 52 53 44 42 43 34 35 33 47 45 46 36 37 38 28 29 27 76 77 75 67 68 66 58 59 57 78 79 80 71 69 70 61 62 60 74 72 73 63 64 65 55 56 54 
104 102 103 95 93 94 86 84 85 106 107 105 96 97 98 89 87 88 99 100 101 91 92 90 83 81 82 23 21 22 14 12 13 5 3 4 25 26 24 15 16 17 8 6 7 18 19 20 10 11 9 2 0 1 50 48 49 41 39 40 32 30 31 52 53 51 42 43 44 35 33 34 45 46 47 37 38 36 29 27 28 77 75 76 68 66 67 59 57 58 79 80 78 69 70 71 62 60 61 72 73 74 64 65 63 56 54 55 
105 106 107 96 97 98 87 88 89 101 99 100 91 92 90 81 82 83 103 104 102 95 93 94 84 85 86 24 25 26 15 16 17 6 7 8 20 18 19 10 11 9 0 1 2 22 23 21 14 12 13 3 4 5 51 52 53 42 43 44 33 34 35 47 45 46 37 38 36 27 28 29 49 50 48 41 39 40 30 31 32 78 79 80 69 70 71 60 61 62 74 72 73 64 65 63 54 55 56 76 77 75 68 66 67 57 58 59 
106 107 105 97 98 96 88 89 87 99 100 101 92 90 91 82 83 81 104 102 103 93 94 95 85 86 84 25 26 24 16 17 15 7 8 6 18 19 20 11 9 10 1 2 0 23 21 22 12 13 14 4 5 3 52 53 51 43 44 42 34 35 33 45 46 47 38 36 37 28 29 27 50 48 49 39 40 41 31 32 30 79 80 78 70 71 69 61 62 60 72 73 74 65 63 64 55 56 54 77 75 76 66 67 68 58 59 57 
107 105 106 98 96 97 89 87 88 100 101 99 90 91 92 83 81 82 102 103 104 94 95 93 86 84 85 26 24 25 17 15 16 8 6 7 19 20 18 9 10 11 2 0 1 21 22 23 13 14 12 5 3 4 53 51 52 44 42 43 35 33 34 46 47 45 36 37 38 29 27 28 48 49 50 40 41 39 32 30 31 80 78 79 71 69 70 62 60 61 73 74 72 63 64 65 56 54 55 75 76 77 67 68 66 59 57 58 
0 1 2 3 3 3 3 3 3 3 3 3 4 4 4 4 4 4 3 3 3 4 4 4 4 4 4 8 9 10 10 8 9 10 8 9 10 8 9 10 8 9 8 9 10 10 8 9 8 9 10 10 8 9 5 6 7 5 6 7 5 6 7 5 6 7 6 7 5 7 5 6 5 6 7 7 5 6 6 7 5 11 12 13 12 13 11 12 13 11 12 13 11 11 12 13 12 13 11 12 13 11 12 13 11 11 12 13
